183
66
244
121
128
108
161
205
51
46
177
100
3
144
45
224
151
102
238
215
33
216
91
71
181
42
247
235
8
238
34
90
55
179
48
80
111
46
58
56
119
100
236
73
45
9
94
52
10
111
11
177
1
186
95
202
200
153
19
60
192
175
255
147
69
187
247
31
183
167
47
9
172
80
36
72
9
242
238
20
209
186
188
135
124
237
3
190
103
115
137
66
26
65
219
162
16
60
174
121
243
19
41
107
101
17
44
212
233
228
165
149
105
184
131
220
52
149
58
42
147
243
33
181
128
105
108
9
35
22
163
149
9
186
0
100
194
49
119
126
32
77
0
195
76
190
236
45
209
238