8022
19863
7666
14371
1674
23201
3975
3251
24897
10100
21041
4596
17935
12954
15378
21294
12845
15358
23334
15431
22882
13311
26901
30200
4604
21615
20012
23914
25401
19963
12569
27369
4841
6612
14466
4999
1972
18742
7516
16130
13087
16631
17832
9932
13780
32052
1827
10771
23080
32477
946
8572
22013
3324
3063
17084
21007
23643
23994
30186
23609
10271
10383
23354
26631
25685
10611
25378
26584
18382
25947
28787
14249
14595
10565
10910
2992
366
27329
16861
10416
16548
2628
3171
26174
11655
31301
25291
51
10573
3949
26342
6778
18526
7179
20188
24479
21624
19411
13952
6097
16662
14780
5716
2652
17337
17967
24381
18663
17038
31242
13146
29695
10945
29243
12058
30060
17461
2071
8818
9666
9490
28519
686
11403
29726
27398
24934
28729
17765
27416
4207
1108
20301
22393
20580
29866
29007
307
21226
1799
4056
22875
1380
27160
32647
7074
26008
28846
25876
-----------------
